0.11869292237442923
0.20345319634703196
0.23467465753424657
0.2684646118721461
0.2926655251141553
0.30861872146118724
0.3224029680365297
0.3403824200913242
0.35761986301369864
0.3699771689497717
0.3872716894977169
0.40973173515981737
0.4190068493150685
0.43327625570776257
0.45836187214611873
0.4631849315068493
0.4785958904109589
0.4865867579908676
0.5019406392694064
0.5037671232876713
0.516980593607306
0.5333047945205479
0.544777397260274
0.563898401826484
0.57537100456621
0.5888127853881279
0.5923801369863013
0.5987157534246575
0.6089611872146119
0.6182648401826484
0.6314212328767124
0.6436929223744292
0.6507420091324201
0.656763698630137
0.6639840182648402
0.6768550228310503
0.6929794520547945
0.6954908675799086
0.6976883561643835
0.7156678082191781
0.7181506849315068
0.725
0.7298801369863014
0.74412100456621
0.7491723744292238
0.763527397260274
0.7621860730593607
0.7721461187214612
0.7585901826484018
0.7696632420091324
0.792351598173516
0.8124143835616439
0.8145547945205479
0.810074200913242
0.8068207762557078
0.8122431506849315
0.8164954337899544
0.8287671232876712
0.8414383561643836
0.8429509132420091
0.8413812785388128
0.8559931506849315
0.8658390410958904
0.8630707762557077
0.8698059360730593
0.8753139269406393
0.8740867579908675
0.883675799086758
0.8901826484018265
